10x10
30x30
0x9
51x7
1111111111111111111111111111111111111111111111111111
1111111111111111111111111111111111111111111111111111
1111111111111111111111111111111111111111111111111111
1111111111111111111111111111111111111111111111111111
1111111111111111111111111111111111111111111111111111
1111111111111111111111111111111111111111111111111111
1111111111111111111111111111111111111111111111111111
1111111111111111111111110000000000000000000000000000
1111111111111111111111110111111111111111111110111111
0000000000000000000000000000000000000000000000111111
1111111111111111111111111111111111111111111111111111
1111111111111111111111111111111111111111111111111111
1111111111111111111111111111111111111111111111111111
1111111111111111111111111111111111111111111111111111
1111111111111111111111111111111111111111111111111111
1111111111111111111111111111111111111111111111111111
1111111111111111111111111111111111111111111111111111
1111111111111111111111111111111111111111111111111111
1111111111111111111111111111111111111111111111111111
1111111111111111111111111111111111111111111111111111